100 100 0942
200 300 1142
300 200 1942
500 200 2742
500 600 3542
600 300 4142
900 300 4342
800 400 5142
400 300 5942
400 100 6542
600 200 7342
500 400 7542
650 250 8342
450 600 9142
600 300 9942
750 200 10742
1000 400 11542
900 700 12342
1000 400 13142
800 100 13742
700 500 13942
600 300 14742
400 700 15542
300 300 16342
400 600 16942
300 300 17142
500 450 21568
700 200 21732
900 700 22385
1000 300 23044
700 600 23539
600 500 24033
500 800 24363
700 600 25022
500 700 25682
400 300 26341
400 600 27000
300 400 27660
100 200 28319
250 500 28813
400 200 29308
600 300 29638
800 500 30956
500 300 32275
700 400 32934
400 500 33594
200 300 34253
300 400 34583
400 200 34912
560 350 35572
600 300 36231
700 600 36890
600 500 37220
400 300 37550
400 200 38209
700 400 38868
500 200 39528
800 500 40187
750 200 40846
1000 300 41506
950 300 42165
800 400 42824
600 650 43154
400 400 44143
700 200 44473
500 600 45462
400 300 45791
700 450 46780
500 300 47110
800 400 48099
400 200 48429
700 500 49418
300 300 49747
500 650 50736
800 400 51066
1000 700 52055
690 500 52385
900 300 53044
700 200 53374
400 450 54693
300 100 55352
100 350 56011
250 400 57330
500 200 57989
900 400 58649
650 450 59967
850 600 61286
600 700 62605
400 400 63264
250 500 63923
100 500 64912
300 300 65242
400 100 66231
200 350 66561
300 400 67550
400 200 67879
500 600 69198
600 300 69693
900 700 70187
700 500 70682
400 300 71176
400 100 71506
600 400 71835
500 200 72165
850 500 72495
600 200 72824
950 300 73154
200 350 74473
1000 400 74967
800 650 75132
600 500 75791
800 350 76451
700 550 77110
400 300 77605
200 600 77769
100 350 78429
300 700 79088
300 300 79747
700 400 80242
100 200 80407
400 300 81066
700 450 81726
1000 700 82385
680 500 82715
1000 250 83044
700 600 83374
400 500 83704
850 300 83868
400 700 84363
200 400 84528
300 250 85022
500 500 85516
800 150 85681
500 200 86340
500 500 87000
200 300 87659
350 500 88154
200 500 88318
450 300 88978
300 400 89637
500 200 90029
500 600 90296
600 300 90791
900 650 90956
700 500 91615
400 300 92275
400 100 92934
700 400 93264
500 200 93593
850 500 93923
450 200 94253
100 300 95572
0 0 0